1	1	0	0xb35fc2c0
1	2	0	0xb1beb2c0
1	3	0	0xb01db2cc
1	4	0	0xb28f32cc
1	5	0	0xb0ee32cc
1	6	0	0xa8c832c0
1	8	0	0xa998c2c0
1	9	0	0xaf4d32cc
1	10	0	0xadab42cc
1	12	0	0xab39c2cc
1	13	0	0xaa6942c0
1	14	0	0xac0a42c0
1	15	0	0xacdac2c0
2	3	0	0xb01db2c4
2	3	1	0xb01db2c4
2	4	0	0xb28f32c4
2	4	1	0xb28f32c4
2	5	0	0xb0ee32c4
2	5	1	0xb0ee32c4
2	9	0	0xaf4d32c4
2	9	1	0xaf4d32c4
2	10	0	0xadab42c4
2	10	1	0xadab42c4
2	12	0	0xab39c2c4
2	12	1	0xab39c2c4
3	1	0	0xb35fc2c8
3	2	0	0xb1beb2c8
3	3	0	0xb01db2c0
3	4	0	0xb28f32c0
3	5	0	0xb0ee32c0
3	6	0	0xa8c832c8
3	8	0	0xa998c2c8
3	9	0	0xaf4d32c0
3	10	0	0xadab42c0
3	12	0	0xab39c2c0
3	13	0	0xaa6942c8
3	14	0	0xac0a42c8
3	15	0	0xacdac2c8
4	1	0	0xb35fc2c0
4	2	0	0xb1beb2c0
4	6	0	0xa8c832c0
4	8	0	0xa998c2c0
4	13	0	0xaa6942c0
4	14	0	0xac0a42c0
4	15	0	0xacdac2c0
5	1	0	0xb52bb954
5	2	0	0xb52da19c
5	3	0	0xb01db2c8
5	4	0	0xb28f32c8
5	5	0	0xb0ee32c8