1	7	0	0xa7f7b2c0
3	7	0	0x944f990
4	0	0	0xbfd01640
4	1	0	0xb35fc2c0
4	2	0	0xb1beb2c0
4	3	0	0xb01db2c0
4	4	0	0xb28f32c0
4	5	0	0xb0ee32c0
4	6	0	0xa8c832c0
4	7	1	0x944f9d0
4	8	0	0xa998c2c0
4	9	0	0xaf4d32c0
4	10	0	0xadab42c0
4	11	0	0xae7cb2c0
4	12	0	0xab39c2c0
4	13	0	0xaa6942c0
4	14	0	0xac0a42c0
4	15	0	0xacdac2c0
5	0	0	0xbfd01638
5	1	0	0xb35fc2b8
5	2	0	0xb1beb2b8
5	3	0	0xb01db2b8
5	4	0	0xb28f32b8
5	5	0	0xb0ee32b8
5	6	0	0xa8c832b8
5	8	0	0xa998c2b8
5	9	0	0xaf4d32b8
5	10	0	0xadab42b8
5	11	0	0xae7cb2b8
5	12	0	0xab39c2b8
5	13	0	0xaa6942b8
5	14	0	0xac0a42b8
5	15	0	0xacdac2b8
6	0	0	0x944f994
6	1	0	0x944f994
6	2	0	0x944f994
6	3	0	0x944f994
6	4	0	0x944f994
6	5	0	0x944f994
6	6	0	0x944f994
6	7	0	0xa7f7b2b8
6	7	1	0xa7f7b2b8
6	8	0	0x944f994
6	9	0	0x944f994
6	10	0	0x944f994
6	11	0	0x944f994
6	12	0	0x944f994
6	13	0	0x944f994
6	14	0	0x944f994
6	15	0	0x944f994
