1	7	0	0xb35fc2c0
3	7	0	0xb35fc2c0
4	0	0	0xb1beb2c0
4	1	0	0xb01db2cc
4	2	0	0xb28f32cc
4	3	0	0xb0ee32cc
4	4	0	0xa8c832c0
4	5	0	0xa998c2c0
4	6	0	0xaf4d32cc
4	7	1	0xadab42cc
4	8	0	0xab39c2cc
4	9	0	0xaa6942c0
4	10	0	0xac0a42c0
4	11	0	0xacdac2c0
4	12	0	0xb01db2c4
4	13	0	0xb01db2c4
4	14	0	0xb28f32c4
4	15	0	0xb28f32c4
5	0	0	0xb0ee32c4
5	1	0	0xb0ee32c4
5	2	0	0xaf4d32c4
5	3	0	0xaf4d32c4
5	4	0	0xadab42c4
5	5	0	0xadab42c4
5	6	0	0xab39c2c4
5	8	0	0xab39c2c4
5	9	0	0xb35fc2c8
5	10	0	0xb1beb2c8
5	11	0	0xb01db2c0
5	12	0	0xb28f32c0
5	13	0	0xb0ee32c0
5	14	0	0xa8c832c8
5	15	0	0xa998c2c8
6	0	0	0xaf4d32c0
6	1	0	0xadab42c0
6	2	0	0xab39c2c0
6	3	0	0xaa6942c8
6	4	0	0xac0a42c8
6	5	0	0xacdac2c8
6	6	0	0xb35fc2c0
6	7	0	0xb1beb2c0
6	7	1	0xa8c832c0
6	8	0	0xa998c2c0
6	9	0	0xaa6942c0
6	10	0	0xac0a42c0
6	11	0	0xacdac2c0
6	12	0	0xb52bb954
6	13	0	0xb52da19c
6	14	0	0xb01db2c8
6	15	0	0xb28f32c8