1	1	0	0xAB87604A
1	2	0	0xB2946DE3
1	3	0	0xCDEBB69D
1	4	0	0x7DEF79BE
1	5	0	0x4517AC93
1	6	0	0xDEDC33C5
1	8	0	0xF74FF31B
1	9	0	0x91442D1E
1	10	0	0xDC08C47C
1	12	0	0x70A69921
1	13	0	0xBDACAF57
1	14	0	0xA5566A09
1	15	0	0x4C87C04A
2	3	0	0xC4107C74
2	3	1	0xCCD7F1A1
2	4	0	0x86F4E1D4
2	4	1	0x32252BD3
2	5	0	0x653C2925
2	5	1	0x3C39D499
2	9	0	0xB30DC3F3
2	9	1	0x1786A083
2	10	0	0xF4460468
2	10	1	0x489FD050
2	12	0	0xB621C20F
2	12	1	0xC57E8BEF
3	1	0	0xF3153676
3	2	0	0xADBACC6C
3	3	0	0x0250D83A
3	4	0	0xE1B8D948
3	5	0	0x6CEA092B
3	6	0	0xB2578EC7
3	8	0	0x76E24F8F
3	9	0	0x2D629721
3	10	0	0xAE68297B
3	12	0	0xC0E0FB3D
3	13	0	0xD6514BC7
3	14	0	0x27C7A55F
3	15	0	0x7F0CE7BE
4	1	0	0x89B90EBB
4	2	0	0xA5EB6349
4	6	0	0x54CB0903
4	8	0	0x9512BC82
4	13	0	0xBD9FB583
4	14	0	0x84F97FEF
4	15	0	0x2C8B9573
5	1	0	0x44D483C4
5	2	0	0x37911090
5	3	0	0xE88ECCFB
5	4	0	0x717DE737
5	5	0	0x1B16A6A8